species	Start	Stop	Ala	Arg	Asn	Asp	Cys	Gln	Glu	Gly	His	Ile	Leu	Lys	Met	Phe	Pro	Ser	Thr	Trp	Tyr	Val
Acinonyx_jubatus	40	0	244	67	153	65	23	87	97	217	94	328	580	98	252	225	196	272	312	103	139	189
Acomys_cahirinus	26	0	240	64	158	68	26	76	92	210	107	352	596	100	232	212	199	299	304	103	127	167
Addax_nasomaculatus	37	0	244	64	162	66	22	88	94	215	96	330	582	92	254	240	187	278	315	103	126	185
Aepyceros_melampus	26	0	239	64	164	66	23	88	94	214	89	342	593	96	252	236	186	276	307	103	134	176
Ailuropoda_melanoleuca	49	0	259	64	148	68	25	86	97	214	100	314	589	97	232	235	193	269	305	103	130	208
Ailurus_fulgens	40	0	238	64	151	64	25	86	96	217	90	349	594	95	248	236	194	278	310	103	136	166
Akodon_montensis	32	0	242	63	171	69	30	81	91	214	95	360	607	96	201	237	196	293	305	101	121	170
Alcelaphus_buselaphus	63	0	251	63	158	67	21	89	94	215	93	325	595	92	252	235	190	277	307	103	131	185
Alces_alces	32	0	243	63	168	67	21	90	96	217	92	327	572	90	258	251	187	275	299	103	130	193
Allenopithecus_nigroviridis	32	0	218	63	175	64	23	95	83	209	98	330	618	89	236	217	204	278	372	101	133	147
Alouatta_caraya	34	0	246	61	155	69	24	87	87	207	103	330	614	90	235	228	205	282	337	102	136	143
Alouatta_seniculus	32	0	252	61	155	70	23	87	88	208	97	333	614	91	239	229	206	278	331	102	143	140
Ammotragus_lervia	45	0	240	64	160	68	22	87	92	216	95	327	587	96	250	240	187	269	328	103	126	185
Anoura_caudifer	37	0	243	64	155	68	23	83	90	215	97	324	606	89	236	229	204	263	332	104	128	188
Anourosorex_squamipes	29	0	237	64	156	67	22	91	99	218	88	348	589	96	223	235	184	279	310	103	144	191
Antidorcas_marsupialis	27	0	239	63	162	69	22	87	92	214	91	334	589	95	250	241	190	275	313	103	132	182
Antilocapra_americana	32	0	242	64	162	68	25	88	95	215	92	326	581	92	255	238	196	273	313	103	127	184
Antilope_cervicapra	44	0	246	62	161	67	22	87	93	214	95	319	589	94	250	238	188	280	313	103	131	194
Aotus_lemurinus	28	0	253	62	149	66	19	90	91	208	101	330	596	92	253	233	201	285	329	102	136	147
Apodemus_agrarius	33	0	229	64	163	70	28	80	91	210	96	366	591	95	227	241	196	296	297	102	129	167
Apodemus_chevrieri	31	0	226	62	159	72	28	81	92	209	100	371	589	96	228	241	194	301	294	104	127	162
Apodemus_draco	29	0	222	64	162	72	28	80	93	210	98	365	580	99	232	239	192	301	305	103	127	164
Apodemus_latronum	26	0	226	65	164	74	28	77	92	207	99	370	585	101	235	234	191	298	299	101	131	159
Apodemus_peninsulae	28	0	222	64	158	75	27	80	90	211	98	366	586	100	234	240	196	292	305	102	131	162
Arctocephalus_forsteri	49	0	254	64	145	69	22	84	95	219	102	325	601	95	249	222	197	280	319	102	125	175
Arctocephalus_pusillus	42	0	256	66	148	69	23	84	95	217	99	319	596	95	255	224	193	282	317	101	126	179
Arctocephalus_townsendi	46	0	256	65	147	71	21	85	95	217	99	316	601	94	247	222	195	282	317	102	127	185
Arctonyx_collaris	33	0	247	63	157	65	22	89	95	213	98	330	600	96	245	228	189	276	313	104	130	185
Artibeus_jamaicensis	22	0	244	66	146	66	23	82	91	217	95	321	614	89	237	224	197	276	330	104	135	186
Artibeus_lituratus	26	0	241	67	145	64	23	82	94	216	94	324	615	88	233	222	194	280	337	104	137	182
Ateles_belzebuth	45	0	249	63	149	67	22	89	89	205	93	338	594	94	260	227	201	290	332	100	141	141
Avahi_laniger	60	0	247	66	152	72	25	83	94	217	92	302	619	99	235	220	197	284	327	106	120	190
Axis_axis	43	0	240	63	163	68	21	91	95	217	89	343	580	91	259	248	190	276	296	103	131	179
Axis_porcinus	40	0	244	63	163	69	21	90	95	217	91	337	578	92	252	247	189	277	297	103	129	189
Balaena_mysticetus	35	0	249	64	153	67	22	93	95	214	102	312	623	95	222	235	200	262	337	105	120	177
Balaenoptera_acutorostrata	28	0	252	65	155	67	23	93	91	214	99	322	614	94	226	237	203	263	328	103	124	174
Balaenoptera_bonaerensis	26	0	253	66	152	68	22	93	92	214	97	316	624	93	213	234	203	266	331	104	125	181
Balaenoptera_borealis	28	0	262	65	152	68	22	92	92	213	97	310	622	94	219	237	203	264	328	104	125	178
Balaenoptera_edeni	25	0	252	66	153	68	22	91	93	213	98	306	623	93	221	237	201	265	337	104	124	180
Balaenoptera_musculus	33	0	252	67	153	68	22	92	91	213	98	315	621	95	213	234	205	265	328	104	124	187
Balaenoptera_omurai	27	0	250	65	154	66	22	91	93	215	100	304	630	92	222	233	201	266	335	104	124	180
Balaenoptera_physalus	36	0	253	66	156	67	22	92	93	215	102	311	624	93	221	234	201	264	324	105	120	185
Bandicota_indica	32	0	238	64	163	71	28	82	92	210	98	361	588	97	227	234	191	294	307	103	127	161
Beatragus_hunteri	54	0	250	63	156	67	21	89	94	215	93	330	594	91	250	235	189	278	308	103	131	186
Berardius_bairdii	31	0	247	63	157	65	23	92	91	213	100	310	639	95	222	236	200	265	338	105	119	164
Bison_bison	38	0	247	63	160	69	21	86	93	219	96	324	583	96	258	240	188	273	307	103	131	185
Bison_bonasus	41	0	249	63	159	68	21	85	93	218	91	330	580	98	261	240	190	275	304	103	137	177
Blarinella_quadraticauda	25	0	245	63	162	68	22	91	95	214	91	345	593	93	231	239	183	284	294	103	137	190
Blastocerus_dichotomus	34	0	230	63	168	65	23	90	95	216	87	339	573	92	265	250	189	278	308	103	132	177
Bos_gaurus	39	0	245	63	159	67	21	86	93	219	93	324	583	97	256	237	188	280	313	103	133	183
Bos_javanicus	40	0	250	63	159	68	21	86	93	218	92	321	587	97	257	236	190	274	303	103	136	188
Bos_mutus	34	0	249	63	160	68	21	86	93	219	94	326	583	96	255	239	187	276	311	103	133	181
Boselaphus_tragocamelus	27	0	240	63	162	65	22	88	95	215	93	329	584	93	269	237	190	280	306	103	128	180
Brachyphylla_cavernarum	39	0	246	65	145	67	23	82	99	215	96	311	615	84	233	222	195	275	322	105	135	205
Bradypus_pygmaeus	47	0	236	67	158	59	28	90	94	219	106	305	625	84	192	214	210	277	396	104	111	169
Bubalus_depressicornis	50	0	250	63	165	66	23	89	94	217	90	320	580	91	256	240	192	275	312	103	128	187
Budorcas_taxicolor	41	0	232	64	165	67	21	88	93	212	93	348	588	95	252	232	190	276	332	103	132	160
Cabassous_centralis	50	0	254	68	140	65	26	85	89	219	109	323	600	94	230	235	203	267	321	103	119	193
Cabassous_chacoensis	45	0	248	68	139	67	25	85	88	219	106	321	600	94	235	240	205	270	327	103	121	182
Cabassous_tatouay	54	0	258	69	142	65	27	84	89	220	107	311	602	94	242	236	203	261	317	103	118	195
Cabassous_unicinctus	45	0	249	68	138	65	26	85	89	219	109	326	599	94	231	236	204	267	322	103	119	194
Cacajao_calvus	40	0	258	60	154	65	18	89	89	208	94	320	604	92	239	219	207	282	325	104	154	165
Caenolestes_fuliginosus	29	0	238	67	152	65	30	90	92	215	100	376	594	87	231	230	189	291	297	103	135	160
Callimico_goeldii	30	0	236	61	155	66	21	92	91	205	92	338	591	91	240	234	205	272	365	102	143	150
Callithrix_geoffroyi	48	0	252	62	156	66	23	90	89	203	98	324	584	89	242	237	203	274	361	103	138	148
Callithrix_jacchus	50	0	252	62	155	66	22	90	90	203	98	323	588	88	244	234	202	277	359	103	139	147
Callithrix_kuhlii	50	0	251	62	155	66	22	90	90	203	97	326	585	88	245	234	205	274	360	103	140	146
Callithrix_penicillata	51	0	252	62	155	66	22	90	91	204	97	322	588	89	245	234	203	276	360	103	140	148
Callorhinus_ursinus	46	0	252	63	145	70	23	85	94	219	99	324	600	95	253	224	195	278	316	102	129	178
Callosciurus_erythraeus	34	0	237	65	156	74	23	80	96	215	92	348	612	90	236	237	196	304	278	103	129	167
Camelus_ferus	71	0	264	68	148	69	24	87	95	219	92	310	587	93	245	232	192	263	310	103	134	206
Canis_latrans	44	0	254	65	156	66	24	87	93	215	95	334	588	97	244	232	190	275	299	103	139	186
Canis_lupus	41	0	248	65	153	69	24	87	93	215	94	340	587	97	240	233	190	278	301	103	141	183
Caperea_marginata	29	0	241	65	153	68	22	94	92	214	99	310	618	91	234	241	198	259	343	104	122	179
Capra_aegagrus	39	0	244	64	159	68	22	87	94	215	96	333	591	94	249	239	190	270	319	103	129	176
Capra_caucasica	36	0	241	64	158	68	22	87	93	215	99	332	589	95	247	237	190	272	318	103	127	185
Capra_ibex	34	0	248	64	160	66	22	88	93	215	98	329	589	95	244	238	192	272	322	103	127	177
Capra_pyrenaica	37	0	245	63	160	66	22	88	93	215	96	330	586	95	247	239	191	273	324	104	129	176
Capreolus_pygargus	40	0	238	63	162	65	23	91	96	216	88	334	573	91	258	250	188	282	306	102	128	188
Capricornis_crispus	31	0	234	64	161	69	21	87	91	216	92	337	590	96	250	236	189	273	327	102	130	181
Capricornis_milneedwardsii	35	0	241	63	160	70	22	87	89	216	93	329	590	96	252	235	191	274	331	103	130	170
Capricornis_sumatraensis	35	0	240	64	159	68	21	87	90	215	93	332	589	96	252	236	190	276	329	103	130	171
Capricornis_swinhoei	42	0	243	64	163	68	22	87	89	215	92	328	588	96	248	237	190	273	328	103	129	178
Caracal_caracal	42	0	253	67	154	66	23	87	96	217	94	327	585	100	249	226	193	270	308	103	139	184
Carollia_perspicillata	36	0	240	66	143	65	23	86	91	217	95	306	612	89	223	226	198	281	337	103	131	209
Cebus_albifrons	33	0	241	59	165	64	21	95	88	205	94	314	614	90	245	223	204	273	366	101	143	140
Cephalophus_adersi	41	0	244	63	167	65	21	88	93	215	90	333	594	93	250	238	189	272	311	103	133	180
Cephalophus_callipygus	42	0	243	63	164	67	21	88	93	214	92	330	593	93	251	241	189	274	307	103	130	187
Cephalophus_leucogaster	43	0	240	63	161	66	21	88	93	215	90	323	596	93	252	238	188	280	309	103	133	191
Cephalophus_natalensis	42	0	243	63	162	68	21	88	93	215	91	325	600	93	248	236	189	275	310	103	131	189
Cephalophus_spadix	32	0	245	64	161	69	21	88	93	216	91	334	592	93	250	241	190	272	305	103	131	184
Cephalorhynchus_heavisidii	28	0	252	63	160	67	21	95	88	211	96	316	630	95	231	243	200	254	332	103	126	164
Ceratotherium_simum	32	0	240	63	151	63	21	87	93	213	103	337	596	97	222	239	193	293	322	102	127	178
Cercocebus_atys	35	0	232	62	174	63	22	96	83	210	104	331	624	89	232	209	205	264	382	100	132	141
Cercocebus_chrysogaster	32	0	232	62	177	62	20	97	83	209	100	328	613	89	236	209	206	264	384	100	138	147
Cercocebus_torquatus	32	0	233	63	176	63	20	96	81	214	101	330	624	90	240	213	202	264	373	100	137	135
Cercopithecus_diana	37	0	229	61	171	61	20	96	82	213	101	317	628	93	226	210	212	272	384	101	129	150
Cercopithecus_lhoesti	29	0	238	61	175	60	21	96	82	207	102	336	620	92	230	202	209	285	365	102	130	138
Cercopithecus_mitis	31	0	228	61	174	60	21	95	82	213	104	319	620	94	215	207	215	272	398	102	127	146
Cervus_elaphus	38	0	243	63	165	67	21	91	95	217	91	325	580	92	256	247	187	274	301	103	129	196
Chaetophractus_vellerosus	46	0	252	67	138	66	26	83	91	220	101	325	598	95	250	236	204	246	323	103	130	190
Chaetophractus_villosus	52	0	250	68	138	65	25	82	91	219	102	326	597	95	261	239	205	254	321	103	124	179
Chalinolobus_tuberculatus	45	0	234	63	146	65	22	88	94	213	96	330	596	93	244	228	193	291	316	103	136	184
Cheirogaleus_medius	27	0	229	64	158	69	26	88	95	211	93	338	616	91	241	223	196	277	327	104	134	172
Chinchilla_lanigera	29	0	236	63	170	63	25	88	92	209	101	347	615	96	213	232	198	302	314	104	128	152
Chiropotes_albinasus	28	0	255	60	153	66	18	88	91	206	101	327	612	92	237	218	205	283	324	104	148	162
Chlamyphorus_truncatus	74	0	263	68	131	68	25	82	88	220	100	306	604	95	245	230	201	278	307	103	126	204
Chlorocebus_cynosuros	39	0	225	64	174	65	20	93	82	212	103	322	614	88	226	214	213	274	397	100	132	135
Chlorocebus_pygerythrus	44	0	226	63	175	62	20	93	81	210	104	322	612	87	229	215	211	273	394	100	131	136
Chlorocebus_tantalus	34	0	228	62	178	62	22	93	80	208	104	311	618	87	220	213	213	269	408	100	131	139
Choloepus_didactylus	44	0	231	67	157	63	27	86	89	222	106	317	618	89	227	217	211	274	365	102	116	159
Choloepus_hoffmanni	44	0	232	66	154	63	28	88	89	223	107	319	618	90	227	215	210	280	359	102	118	160
Chrysochloris_asiatica	24	0	251	68	161	65	23	85	95	216	93	369	602	88	235	237	189	287	288	99	136	157
Chrysocyon_brachyurus	42	0	243	65	150	66	24	89	93	214	94	345	589	99	243	231	189	281	308	103	137	178
Colobus_guereza	37	0	235	63	159	64	24	93	84	209	97	325	620	93	248	215	208	267	350	101	136	153
Condylura_cristata	37	0	243	64	160	67	23	89	94	215	96	337	591	93	246	231	191	282	298	100	131	190
Connochaetes_gnou	52	0	246	63	159	66	21	88	94	216	95	332	595	95	250	235	189	275	312	103	128	180
Connochaetes_taurinus	46	0	246	63	162	66	21	88	94	215	94	329	594	94	250	234	190	274	315	103	128	182
Cricetulus_kamensis	28	0	243	64	164	71	32	79	92	211	100	337	591	101	221	222	194	278	343	101	125	166
Cricetulus_longicaudatus	42	0	240	64	159	70	31	79	92	217	99	356	569	102	228	235	186	293	310	101	123	182
Crocidura_attenuata	28	0	253	64	160	71	22	87	95	215	90	326	605	89	223	231	188	280	312	103	142	186
Crocidura_beatus	19	0	249	64	163	64	22	87	99	216	91	340	601	92	230	234	187	277	308	104	139	175
Crocidura_grayi	25	0	250	65	161	65	22	85	98	216	92	338	600	93	236	232	187	274	310	104	139	175
Crocidura_lasiura	27	0	259	66	157	70	22	85	95	215	90	325	601	90	224	229	185	283	307	104	142	192
Crocidura_mindorus	27	0	252	64	159	65	23	87	99	216	93	338	606	92	232	232	186	280	305	104	136	174
Crocidura_negrina	28	0	249	64	162	64	23	86	99	216	91	340	604	92	224	231	187	275	314	104	140	177
Crocidura_orientalis	27	0	250	64	166	65	22	86	98	215	94	334	608	89	234	228	185	279	302	104	138	180
Crocidura_palawanensis	29	0	249	64	163	65	22	87	99	217	92	340	601	92	232	232	187	275	309	104	139	173
Crocidura_shantungensis	22	0	250	64	159	67	22	87	97	215	89	335	609	89	226	239	186	278	298	104	142	184
Crocuta_crocuta	48	0	258	64	146	66	23	88	97	216	101	305	595	101	223	222	199	279	336	103	128	190
Ctenomys_leucodon	17	0	216	63	173	65	24	90	92	207	90	370	580	93	239	236	189	294	331	107	147	142
Cuon_alpinus	47	0	246	65	147	68	24	87	93	216	97	341	591	99	235	229	190	281	296	102	141	193
Cynomys_leucurus	33	0	231	65	150	70	29	78	96	216	96	332	602	92	227	250	197	295	295	104	127	186
Cynomys_ludovicianus	34	0	228	66	150	69	28	78	96	216	97	319	604	92	229	249	197	293	300	104	127	197
Cynopterus_brachyotis	49	0	249	64	149	69	22	89	94	217	99	322	617	94	240	219	195	287	303	103	128	189
Cystophora_cristata	46	0	250	64	146	73	23	83	95	215	100	326	593	97	247	227	193	281	316	103	129	180
Dactylomys_dactylinus	18	0	232	63	159	63	29	89	93	210	100	353	599	93	227	232	189	302	313	106	139	163
Dactylopsila_trivirgata	34	0	244	65	152	67	32	87	90	217	113	361	588	91	216	220	191	285	312	103	136	172
Dama_dama	36	0	245	63	160	67	22	91	95	216	91	331	582	92	249	248	187	276	308	103	128	189
Dama_mesopotamica	31	0	243	63	163	67	23	91	95	217	93	335	580	92	256	247	185	280	301	103	125	183
Damaliscus_lunatus	71	0	251	63	157	67	22	88	93	217	96	318	592	92	252	235	188	276	314	103	127	190
Damaliscus_pygargus	68	0	251	64	159	66	22	88	93	216	96	326	594	92	244	235	187	275	313	103	128	189
Dasypus_hybridus	34	0	251	67	141	65	26	82	91	221	105	335	595	95	248	221	196	273	319	102	134	176
Dasypus_kappleri	34	0	252	67	141	66	26	83	91	220	105	341	593	94	251	219	199	269	325	102	133	166
Dasypus_novemcinctus	34	0	244	68	142	67	25	84	89	221	99	338	596	95	257	221	197	269	320	102	136	172
Dasypus_pilosus	27	0	244	67	143	64	28	82	91	222	100	336	594	95	251	222	196	270	323	102	135	177
Dasypus_sabanicola	31	0	253	67	139	66	26	82	91	222	101	341	593	95	252	223	192	273	311	102	136	177
Dasypus_septemcinctus	34	0	251	67	142	64	26	82	91	221	105	335	596	95	249	221	196	273	318	102	133	176
Dasypus_yepesi	35	0	249	67	140	65	26	82	91	223	101	337	594	95	253	223	192	272	316	102	135	179
Daubentonia_madagascariensis	42	0	237	67	156	63	25	83	95	212	97	313	615	102	236	227	199	272	367	105	129	142
Delphinus_capensis	31	0	249	63	154	69	21	95	89	212	95	315	628	96	233	245	199	258	331	103	127	165
Dendrohyrax_dorsalis	40	0	241	68	154	64	26	81	99	219	103	310	592	94	259	213	200	274	339	101	137	176
Desmodus_rotundus	68	0	277	68	137	70	23	87	87	225	103	254	624	88	205	203	208	265	388	106	122	197
Dicerorhinus_sumatrensis	36	0	240	63	150	65	24	87	93	213	99	331	597	95	230	232	195	296	314	102	128	186
Diceros_bicornis	35	0	237	64	158	59	21	87	93	217	97	344	601	95	229	233	193	293	320	102	129	168
Didelphis_virginiana	26	0	226	67	155	64	27	92	88	212	94	379	588	94	254	226	188	301	291	102	141	153
Dipus_sagitta	34	0	250	65	144	81	24	73	88	216	95	338	616	94	209	234	197	314	288	107	128	181
Distoechurus_pennatus	22	0	235	66	162	70	27	91	86	210	102	353	601	90	223	241	189	307	294	104	133	156
Dorcatragus_megalotis	29	0	239	63	166	67	22	90	92	214	91	329	587	91	252	244	189	274	317	103	131	181
Dremomys_rufigenis	27	0	254	61	159	69	25	84	94	215	95	340	602	92	226	246	197	285	287	105	128	173
Dromiciops_gliroides	34	0	253	69	154	69	29	85	89	217	102	369	601	88	222	228	190	287	280	103	136	169
Dugong_dugon	54	0	255	71	141	71	26	80	94	229	109	316	627	85	221	224	200	281	292	103	132	185
Echinops_telfairi	37	0	245	69	158	67	23	74	93	211	88	360	617	88	230	238	194	307	266	100	138	171
Echinosorex_gymnura	21	0	230	62	171	65	28	82	97	210	87	357	590	90	254	251	190	291	295	101	147	160
Elaphodus_cephalophus	45	0	240	64	161	65	22	89	96	217	92	334	581	95	248	248	190	277	306	103	128	187
Elaphurus_davidianus	45	0	240	63	164	67	22	91	95	217	92	326	583	92	257	245	189	276	304	103	127	190
Elephas_maximus	34	0	233	67	151	64	25	83	96	212	100	314	617	93	249	224	188	278	339	102	136	167
Enhydra_lutris	57	0	254	64	153	69	23	87	92	215	97	319	602	96	243	226	191	277	316	104	130	189
Eospalax_rothschildi	15	0	239	65	176	64	26	76	98	217	97	370	603	96	205	253	190	296	274	101	117	176
Eothenomys_chinensis	28	0	249	64	168	70	30	76	93	216	98	366	583	99	222	234	199	284	294	102	122	174
Eothenomys_melanogaster	46	0	249	64	164	73	30	76	94	215	100	367	581	99	212	233	199	276	305	102	124	178
Eothenomys_miletus	42	0	251	64	165	72	31	75	95	215	99	366	575	99	221	235	196	281	299	102	124	176
Eozapus_setchuanus	33	0	253	64	159	72	21	73	97	212	103	365	611	89	218	238	195	300	276	100	122	175
Episoriculus_caudatus	23	0	249	64	166	65	21	89	98	212	95	333	598	91	213	228	185	284	306	103	138	206
Episoriculus_fumidus	30	0	242	64	156	67	24	90	98	213	96	342	596	90	230	227	184	278	316	103	137	191
Episoriculus_macrurus	30	0	248	64	161	66	22	88	97	214	93	335	596	91	234	233	187	278	300	103	139	195
Epomophorus_gambianus	44	0	246	64	154	67	22	88	97	216	99	322	612	95	233	223	191	288	307	102	132	191
Eptesicus_serotinus	38	0	249	62	146	62	25	86	99	219	97	338	589	94	248	225	193	286	298	103	137	184
Equus_grevyi	36	0	239	64	149	66	22	88	95	215	102	341	608	94	219	233	188	296	311	103	127	179
Equus_hemionus	32	0	239	63	149	66	22	89	95	215	104	344	608	94	224	234	188	296	303	103	125	178
Equus_kiang	30	0	239	63	149	66	22	89	96	215	104	345	609	93	222	233	188	296	304	103	125	178
Equus_zebra	34	0	240	64	149	65	22	88	96	214	102	338	608	94	219	234	189	298	311	103	127	178
Eremitalpa_granti	21	0	248	69	153	67	22	83	93	217	91	382	604	89	228	244	191	294	279	99	135	152
Erignathus_barbatus	43	0	247	64	146	69	23	86	94	217	98	335	583	96	248	231	193	279	318	104	133	177
Erinaceus_europaeus	34	0	224	62	165	69	28	79	93	201	98	387	574	101	272	245	173	304	257	101	152	161
Erythrocebus_patas	38	0	234	63	177	62	21	92	83	207	98	324	617	92	241	211	206	273	372	102	133	145
Eschrichtius_robustus	40	0	246	65	157	66	22	94	93	213	98	314	622	93	224	231	206	262	336	104	122	178
Eubalaena_australis	33	0	247	63	155	66	23	94	93	214	101	321	626	94	216	234	199	265	337	104	121	174
Eubalaena_japonica	33	0	245	63	154	66	23	94	94	213	100	318	624	94	217	236	200	265	337	104	122	178
Euchoreutes_naso	49	0	244	68	151	74	23	78	94	220	94	328	580	94	232	236	192	313	292	101	135	196
Eudorcas_rufifrons	44	0	246	63	162	67	22	87	93	215	91	325	586	94	254	238	187	277	308	103	135	190
Eulemur_mongoz	35	0	240	64	153	67	28	87	96	218	95	328	618	93	234	231	191	274	313	107	132	177
Eulemur_rufus	33	0	247	64	156	68	28	87	96	221	96	331	620	90	226	232	189	279	311	105	128	172
Eumetopias_jubatus	39	0	251	65	152	66	23	84	94	218	97	330	599	95	249	220	197	281	316	103	129	174
Felis_chaus	53	0	255	66	151	67	23	88	97	217	96	328	584	100	252	226	190	275	302	103	137	184
Felis_margarita	60	0	260	65	149	67	23	88	96	217	92	328	588	100	244	223	192	275	304	103	140	187
Felis_nigripes	56	0	254	66	149	66	22	88	97	218	93	331	584	100	244	228	193	279	299	103	139	188
Felis_silvestris	64	0	258	66	151	67	23	88	97	215	93	327	591	100	243	223	192	273	306	103	139	186
Feresa_attenuata	30	0	243	63	154	69	21	95	89	211	96	308	630	97	231	241	198	259	351	103	126	162
Galago_moholi	34	0	238	65	154	73	23	90	91	220	95	337	612	91	209	230	197	282	338	103	128	167
Galago_senegalensis	32	0	237	65	154	73	23	90	91	220	95	336	613	92	206	229	197	284	339	103	128	168
Galemys_pyrenaicus	38	0	238	65	156	65	25	84	98	224	98	317	595	96	243	233	182	303	300	103	130	186
Galeopterus_variegatus	36	0	237	64	161	64	22	85	92	216	102	317	630	93	201	220	206	272	376	104	124	156
Gazella_cuvieri	35	0	250	63	161	68	22	88	94	214	89	323	589	93	250	241	188	274	314	103	134	185
Gazella_gazella	33	0	247	64	161	65	22	87	95	215	91	326	590	92	251	242	188	275	310	103	133	186
Gazella_leptoceros	35	0	250	63	161	68	22	88	94	214	88	326	590	93	250	240	188	274	312	103	135	184
Gazella_spekei	36	0	246	63	159	67	22	88	94	214	90	327	590	93	250	240	188	278	312	103	134	185
Gazella_subgutturosa	38	0	251	63	160	69	22	88	94	214	90	327	588	93	248	243	187	276	310	103	133	183
Genetta_servalina	31	0	248	66	153	67	22	87	97	214	91	341	599	98	229	232	195	278	306	104	135	178
Giraffa_camelopardalis	35	0	246	64	165	65	22	90	94	215	101	326	586	93	252	232	192	271	312	103	122	190
Glis_glis	26	0	219	72	164	71	25	85	91	220	88	350	599	88	208	259	180	314	295	106	117	163
Globicephala_macrorhynchus	31	0	244	64	156	69	22	95	88	210	94	313	635	96	230	241	199	254	346	103	126	163
Globicephala_melas	33	0	246	64	154	69	21	96	88	208	94	315	634	98	229	240	198	259	346	103	127	159
Gorilla_gorilla	36	0	256	63	163	65	20	91	87	212	99	315	643	91	202	217	210	265	343	104	134	166
Grampus_griseus	28	0	246	64	155	68	21	95	89	212	94	314	633	96	234	240	199	256	338	103	128	162
Gulo_gulo	57	0	254	64	150	70	21	86	96	218	96	315	600	96	243	233	195	279	301	105	129	193
Halichoerus_grypus	58	0	256	63	145	72	23	83	96	215	103	337	590	98	237	229	195	278	306	103	130	186
Hapalemur_griseus	33	0	249	63	164	65	29	88	95	218	95	332	608	91	246	228	188	283	296	105	129	171
Helarctos_malayanus	63	0	271	64	143	71	22	87	95	218	99	311	583	98	226	238	195	279	297	103	131	209
Hemiechinus_auritus	22	0	231	61	178	71	30	78	92	203	98	376	571	98	288	241	171	283	272	98	147	153
Hemitragus_jemlahicus	35	0	245	64	160	67	21	86	93	215	98	328	586	95	251	237	189	273	323	103	127	181
Heterocephalus_glaber	42	0	230	65	157	67	25	89	91	210	99	337	578	97	262	223	194	325	295	104	142	156
Hippocamelus_antisensis	28	0	230	63	168	64	22	90	95	216	88	335	578	92	258	250	190	274	316	103	130	180
Hippopotamus_amphibius	48	0	249	62	154	69	22	88	90	218	99	304	589	95	241	227	200	267	335	103	126	202
Hipposideros_armiger	53	0	249	66	144	70	23	86	90	220	99	318	610	88	226	227	195	292	303	103	128	205
Hippotragus_equinus	37	0	242	64	160	65	22	88	95	213	95	334	581	93	262	237	189	278	318	103	128	176
Hyaena_hyaena	58	0	259	65	149	63	22	91	100	215	94	321	591	100	227	227	198	277	319	104	131	188
Hydropotes_inermis	42	0	234	63	164	67	22	90	97	215	90	333	579	93	252	248	189	279	297	103	130	197
Hydrurga_leptonyx	26	0	243	63	148	70	23	88	95	215	99	336	588	99	240	229	196	277	315	103	133	181
Hyemoschus_aquaticus	55	0	251	63	156	68	25	88	96	214	92	319	599	97	237	237	194	272	314	103	128	189
Hylobates_agilis	42	0	263	65	167	60	20	90	90	210	102	306	645	90	197	202	215	261	353	102	131	177
Hylobates_lar	40	0	263	67	166	63	19	89	90	209	104	314	641	90	196	208	214	260	352	102	129	170
Hylobates_pileatus	36	0	254	65	166	64	20	91	90	210	99	312	646	90	192	208	213	256	362	102	131	173
Hylomys_suillus	25	0	232	63	159	70	30	85	94	214	89	366	605	93	200	276	192	300	279	103	137	164
Hylopetes_phayrei	30	0	240	62	160	67	24	80	99	213	94	357	598	92	223	245	189	289	297	104	129	175
Hyperoodon_ampullatus	26	0	238	64	162	67	22	92	93	213	99	314	640	91	221	233	199	262	345	104	123	161
Indri_indri	45	0	251	65	161	68	26	89	95	211	87	316	607	93	233	237	190	292	309	105	124	187
Inia_geoffrensis	34	0	239	65	147	66	21	93	90	216	98	302	646	102	225	211	203	250	369	104	120	177
Isoodon_macrourus	24	0	251	68	161	66	33	85	89	215	98	371	603	88	222	225	193	279	284	104	136	173
Jaculus_jaculus	29	0	248	68	151	78	25	72	89	214	100	337	608	90	210	238	197	316	286	107	126	182
Kobus_leche	33	0	238	63	157	66	22	88	95	216	94	331	582	95	252	239	189	275	317	103	131	190
Kogia_breviceps	52	0	246	64	152	66	22	94	91	221	93	287	632	92	219	227	200	264	356	104	128	186
Lagenorhynchus_albirostris	23	0	245	64	154	71	21	95	88	211	94	320	632	94	224	241	197	261	339	103	127	166
Lagorchestes_hirsutus	33	0	257	67	149	69	30	89	87	212	104	352	593	91	200	232	196	283	297	103	139	189
Lagostrophus_fasciatus	45	0	254	67	155	68	30	88	86	212	107	346	602	91	201	228	197	280	299	102	137	186
Lagothrix_lagotricha	42	0	255	62	154	65	25	89	89	205	96	332	600	91	246	231	202	282	335	101	139	148
Lama_guanicoe	53	0	255	65	143	71	23	89	95	216	93	310	588	96	246	230	192	275	307	103	137	207
Laonastes_aenigmamus	43	0	251	64	150	72	29	81	89	213	112	316	604	95	220	233	206	291	324	101	125	171
Lariscus_insignis	34	0	242	63	158	71	25	82	96	214	92	345	621	84	215	238	199	296	305	104	128	159
Lasiopodomys_mandarinus	39	0	239	64	153	76	29	75	89	216	100	334	584	97	220	228	206	299	331	101	119	180
Lasiurus_borealis	54	0	240	63	151	65	21	89	97	220	93	316	583	90	254	226	199	278	306	103	139	209
Leggadina_lakedownensis	32	0	217	65	173	67	30	80	91	209	98	374	577	98	231	229	197	305	301	102	124	170
Lemur_catta	26	0	241	64	160	65	26	88	96	218	92	335	604	92	242	235	190	284	303	106	128	175
Leontopithecus_rosalia	37	0	244	61	151	66	23	92	91	202	94	339	601	88	250	231	200	275	338	102	151	145
Leopardus_colocolo	31	0	250	65	149	66	23	89	96	216	95	330	582	99	239	224	190	281	321	103	138	185
Leopardus_geoffroyi	45	0	256	66	154	65	23	88	96	216	98	331	588	98	238	222	192	279	313	103	134	181
Leopardus_guigna	40	0	253	65	153	65	23	89	97	215	98	330	584	99	243	224	192	280	312	103	134	182
Leopardus_jacobita	47	0	253	66	150	66	23	88	96	216	96	331	584	98	240	226	192	278	316	102	136	184
Leopardus_pardalis	37	0	258	66	150	66	23	88	96	217	99	330	582	99	243	225	192	277	310	103	134	183
Leopardus_tigrinus	42	0	248	66	152	65	24	89	96	217	93	322	588	100	240	223	193	275	324	103	137	186
Leopardus_wiedii	45	0	261	66	151	66	22	88	96	217	95	331	581	99	243	223	191	278	308	103	139	183
Leopoldamys_edwardsi	36	0	227	64	155	75	27	79	92	209	100	367	585	99	212	235	197	301	301	103	126	179
Lepilemur_hubbardorum	49	0	239	66	166	67	24	89	96	204	94	321	620	92	227	235	194	272	323	105	127	183
Lepilemur_ruficaudatus	49	0	238	66	171	67	23	90	95	205	94	317	610	93	232	237	193	273	319	105	129	189
Leptailurus_serval	45	0	251	65	152	65	22	89	96	217	95	331	583	100	247	227	192	275	308	103	140	183
Leptonychotes_weddellii	26	0	249	64	150	70	23	87	95	215	97	336	587	98	239	229	195	280	315	103	135	174
Lepus_americanus	41	0	254	66	152	69	21	87	96	216	98	352	594	87	219	243	194	288	299	103	125	179
Lepus_capensis	44	0	257	66	152	70	21	87	95	218	97	355	601	88	228	238	195	286	286	103	124	175
Lepus_coreanus	45	0	254	66	154	70	21	87	95	217	97	354	599	88	225	240	196	284	290	103	124	178
Lepus_europaeus	42	0	257	67	151	68	21	87	96	217	97	351	597	88	228	241	192	291	286	103	122	181
Lepus_hainanus	46	0	254	65	152	71	22	89	95	218	100	351	599	88	230	236	196	285	288	103	123	177
Lepus_sinensis	42	0	258	67	151	69	21	87	95	218	97	349	597	88	225	240	195	287	290	103	124	181
Lepus_timidus	42	0	256	66	155	70	21	87	95	217	97	353	599	88	226	240	195	284	288	103	124	178
Lepus_tolai	44	0	259	66	152	70	21	87	95	217	96	356	600	88	226	238	195	286	289	103	125	173
Lepus_townsendii	41	0	258	66	157	70	21	87	95	217	96	355	598	88	228	239	195	285	284	103	125	175
Lipotes_vexillifer	24	0	234	63	158	65	24	94	90	209	100	318	616	100	247	233	200	265	348	103	127	152
Litocranius_walleri	29	0	247	63	159	67	22	88	94	215	91	338	592	93	252	240	187	274	311	103	134	173
Lobodon_carcinophaga	19	0	245	64	151	70	23	87	95	213	99	340	591	98	240	228	195	277	310	104	133	178
Lophocebus_aterrimus	42	0	244	63	169	65	27	98	84	208	98	318	617	91	232	211	212	262	377	100	128	150
Lophostoma_silvicolum	21	0	244	65	143	66	24	83	89	220	103	318	617	88	219	216	204	271	347	104	127	194
Loris_lydekkerianus	30	0	228	62	170	66	23	90	89	216	103	324	600	93	240	227	195	301	336	103	117	162
Loris_tardigradus	31	0	227	62	167	66	23	90	89	216	102	325	597	94	242	228	194	304	332	103	119	165
Loxodonta_africana	39	0	229	68	155	65	22	83	96	214	100	317	617	94	252	217	191	276	336	102	140	172
Lutra_lutra	62	0	251	64	150	69	22	86	92	217	96	316	609	99	237	220	198	271	323	104	132	191
Lycaon_pictus	37	0	251	65	151	68	25	89	94	213	92	341	586	98	246	233	197	281	296	103	138	174
Lynx_canadensis	55	0	255	66	150	66	23	88	96	218	95	327	586	101	241	223	194	273	312	103	139	185
Lynx_lynx	55	0	252	66	150	66	23	88	96	218	96	326	584	101	238	227	191	275	314	103	137	190
Lynx_pardinus	53	0	251	66	151	66	23	88	96	218	95	325	585	101	240	225	193	272	314	103	139	190
Lynx_rufus	61	0	258	66	154	66	23	88	96	220	93	335	589	100	237	224	193	268	303	103	141	184
Macaca_arctoides	31	0	241	65	169	61	25	93	85	207	97	320	621	92	216	208	215	267	383	101	132	160
Macaca_assamensis	37	0	255	68	161	66	25	94	84	205	95	314	627	88	220	209	212	269	370	101	134	157
Macaca_cyclopis	37	0	240	65	167	66	27	94	83	206	100	327	621	90	225	215	215	253	388	101	128	144
Macaca_fascicularis	34	0	241	65	164	64	25	94	82	207	98	324	620	86	223	211	212	266	378	101	132	153
Macaca_fuscata	42	0	242	66	165	67	27	93	82	206	101	327	627	91	220	212	213	256	378	101	126	155
Macaca_leonina	35	0	231	66	162	63	25	93	84	206	99	327	634	88	226	206	209	265	398	101	129	141
Macaca_mulatta	45	0	243	67	164	65	25	93	84	206	99	324	625	90	219	212	213	260	388	101	129	148
Macaca_nemestrina	31	0	238	64	169	66	26	93	84	204	100	330	624	89	213	213	215	259	394	101	127	144
Macaca_nigra	46	0	245	63	166	68	27	95	82	203	99	327	622	89	225	216	210	255	380	102	128	143
Macaca_silenus	35	0	237	64	165	61	26	93	83	206	102	320	627	90	224	213	210	267	393	101	126	145
Macaca_sylvanus	35	0	244	63	179	62	23	95	83	203	104	318	631	88	218	209	205	264	379	101	129	151
Macaca_thibetana	34	0	254	65	164	67	25	94	82	205	96	316	629	88	218	209	212	260	369	101	133	157
Macaca_tonkeana	41	0	236	67	168	63	26	93	84	208	97	315	627	87	225	209	210	261	386	102	131	158
Macropus_robustus	37	0	259	66	147	68	32	88	90	214	102	366	599	92	203	227	196	277	293	103	139	179
Macroscelides_proboscideus	34	0	236	65	153	71	27	85	86	218	95	342	589	88	239	229	192	301	322	102	127	179
Macrotis_lagotis	34	0	239	68	159	68	32	88	89	214	97	369	579	87	235	220	185	285	282	102	141	169
Madoqua_kirkii	56	0	246	63	165	68	22	88	92	215	92	335	587	93	246	241	192	272	313	103	129	181
Madoqua_saltiana	42	0	243	63	161	67	22	89	92	216	92	327	592	93	246	242	191	274	315	103	129	186
Mandrillus_leucophaeus	27	0	237	62	179	60	23	97	83	212	104	330	618	89	236	208	206	260	382	100	132	140
Mandrillus_sphinx	27	0	230	65	173	62	21	98	83	208	102	332	623	90	241	205	205	263	383	100	133	139
Manis_pentadactyla	60	0	275	63	161	71	26	83	92	213	107	298	582	92	247	212	192	267	336	103	121	200
Marmota_himalayana	32	0	230	64	149	68	26	83	97	216	98	348	607	90	223	247	190	298	292	103	128	180
Martes_americana	67	0	255	64	150	69	22	85	95	219	99	316	599	99	242	233	194	270	311	104	127	193
Martes_flavigula	51	0	250	65	154	66	23	87	96	217	96	329	596	98	231	232	195	275	311	105	129	190
Martes_foina	53	0	250	64	149	70	22	87	96	215	98	325	601	98	245	232	192	278	306	104	125	189
Martes_martes	59	0	259	65	146	69	22	85	96	219	97	319	597	98	243	234	194	275	303	104	128	193
Martes_melampus	62	0	254	65	146	69	22	85	94	220	97	319	597	99	240	232	193	276	312	104	128	194
Martes_pennanti	63	0	248	64	153	67	22	87	97	219	97	314	588	96	247	237	193	277	311	104	129	195
Martes_zibellina	56	0	255	65	146	69	22	85	96	219	97	320	596	98	241	234	193	277	306	104	128	195
Mazama_americana	37	0	236	63	164	66	24	90	96	217	91	328	577	90	260	245	188	277	309	103	129	189
Mazama_nemorivaga	30	0	239	63	166	66	22	90	95	216	87	334	574	92	262	251	190	275	303	103	131	182
Megaptera_novaeangliae	41	0	249	65	154	65	23	93	93	213	98	312	623	92	221	232	201	262	340	104	126	182
Meles_anakuma	35	0	246	65	153	67	21	88	95	215	97	328	609	95	237	227	192	275	306	104	131	191
Meles_meles	33	0	255	64	155	66	22	88	96	214	95	329	606	95	239	229	193	276	294	104	132	190
Melogale_moschata	48	0	262	64	148	69	22	86	95	217	95	315	591	99	242	231	197	275	304	104	130	200
Melursus_ursinus	69	0	274	66	145	68	25	87	94	218	96	305	593	100	230	230	198	276	297	103	128	207
Mephitis_mephitis	27	0	248	64	160	69	23	84	97	211	93	335	595	96	258	227	193	277	308	103	133	169
Meriones_libycus	40	0	234	64	156	67	29	80	94	209	102	365	607	98	211	245	191	295	301	103	123	166
Meriones_meridianus	34	0	233	66	152	64	27	79	96	211	96	358	596	106	219	252	192	304	300	101	124	163
Meriones_unguiculatus	34	0	230	64	158	67	27	80	95	208	94	348	590	98	225	258	196	296	310	101	125	169
Mesocricetus_auratus	26	0	240	63	161	70	31	78	89	215	95	356	592	103	221	230	188	294	300	101	131	177
Mesoplodon_europaeus	28	0	241	64	158	67	22	95	90	214	97	318	635	95	227	234	197	252	341	104	128	165
Mesoplodon_ginkgodens	14	0	236	63	159	67	23	94	91	212	97	325	625	93	232	236	199	258	336	104	126	167
Mesoplodon_grayi	17	0	245	64	161	66	23	94	91	212	97	323	627	93	232	236	196	262	325	104	128	164
Metachirus_nudicaudatus	24	0	231	67	155	67	27	94	87	212	91	381	596	92	244	222	188	299	288	102	142	153
Microcebus_murinus	32	0	237	66	157	68	24	88	96	213	93	353	575	97	260	247	188	286	296	105	119	177
Micromys_minutus	34	0	230	65	162	66	29	83	93	211	97	362	578	99	239	233	190	287	313	103	122	166
Micronycteris_megalotis	32	0	248	63	151	69	24	84	96	220	97	304	604	87	222	221	193	276	342	103	131	206
Microtus_kikuchii	42	0	252	64	170	76	31	77	91	215	96	350	573	100	217	229	201	290	308	101	124	177
Microtus_levis	55	0	261	64	170	77	31	76	92	215	95	345	563	98	226	237	200	278	302	101	123	187
Microtus_ochrogaster	40	0	249	65	163	73	32	75	96	215	98	341	581	96	222	233	206	281	311	101	121	182
Mirounga_leonina	30	0	244	64	147	73	23	86	95	217	99	331	593	96	248	231	191	278	314	102	129	180
Mogera_robusta	22	0	255	64	157	67	21	89	95	219	97	331	607	95	235	233	186	279	298	102	132	178
Mogera_wogura	23	0	254	64	156	68	21	88	95	218	98	327	608	94	230	231	186	281	307	102	131	181
Monachus_schauinslandi	27	0	243	64	152	69	22	86	94	213	95	326	596	99	258	223	194	267	318	104	136	169
Monodelphis_domestica	29	0	234	66	155	66	30	87	91	215	102	366	589	87	241	227	190	284	295	103	140	164
Monodon_monoceros	33	0	239	63	158	65	20	95	90	210	99	318	630	95	228	234	201	276	346	104	122	151
Moschus_berezovskii	38	0	240	63	169	65	21	89	95	215	90	346	586	93	255	240	188	272	308	103	133	171
Moschus_chrysogaster	37	0	240	63	169	65	21	89	95	215	90	345	584	93	255	241	188	272	307	103	133	174
Moschus_moschiferus	36	0	242	64	167	67	21	87	94	214	92	337	587	94	255	238	190	272	309	105	132	174
Mungotictis_decemlineata	56	0	264	65	151	67	23	89	94	218	95	331	591	97	231	230	197	281	302	104	131	180
Muntiacus_crinifrons	44	0	240	63	161	65	22	91	98	217	92	344	591	90	245	242	189	279	304	103	127	180
Muntiacus_muntjak	37	0	245	63	158	66	22	90	96	216	96	339	591	90	244	243	190	281	302	103	126	182
Muntiacus_reevesi	38	0	246	63	160	64	22	90	96	216	95	342	589	92	245	245	189	282	299	103	123	182
Muntiacus_vuquangensis	42	0	244	63	159	66	22	91	96	215	92	347	588	93	248	242	190	284	296	103	126	179
Murina_leucogaster	65	0	250	65	150	64	24	85	99	218	102	321	582	99	259	219	202	262	315	102	133	188
Murina_ussuriensis	36	0	240	64	157	65	22	85	97	216	100	338	577	99	263	227	193	256	320	103	136	181
Mus_caroli	30	0	225	64	156	76	27	81	90	209	95	377	586	98	230	243	192	299	301	101	126	159
Mus_cervicolor	32	0	227	64	160	75	27	79	90	211	93	373	580	98	236	242	191	293	304	101	133	159
Mus_cookii	27	0	228	64	157	72	27	81	91	211	96	384	572	98	236	243	191	295	306	101	126	157
Mus_famulus	29	0	227	64	155	73	25	81	90	208	95	382	564	99	237	242	193	293	306	101	127	158
Mus_fragilicauda	27	0	230	64	166	72	26	79	89	211	94	372	583	100	234	236	190	292	306	101	129	163
Mus_musculus	26	0	232	64	163	74	27	78	89	212	96	367	581	100	241	239	193	286	304	102	122	167
Mus_spretus	42	0	234	64	163	73	27	78	89	211	94	368	586	100	236	233	194	285	303	102	129	168
Mus_terricolor	29	0	232	64	157	72	26	79	89	211	94	379	576	99	242	240	193	295	298	102	126	162
Mustela_altaica	44	0	249	64	148	67	23	85	95	217	96	331	596	98	243	234	192	280	309	104	129	186
Mustela_erminea	34	0	251	64	151	67	22	86	95	218	97	333	596	98	239	233	192	278	315	104	129	178
Mustela_frenata	44	0	252	64	149	68	22	86	94	214	94	330	601	98	241	231	191	277	317	104	132	181
Mustela_kathiah	45	0	254	64	151	66	22	86	96	216	95	335	599	95	243	229	191	281	306	104	132	177
Mustela_nigripes	40	0	254	64	147	67	26	86	95	216	95	329	597	97	241	231	190	280	316	104	128	178
Mustela_nivalis	48	0	248	64	148	68	23	86	95	218	95	328	592	98	243	232	193	281	310	104	130	189
Mustela_putorius	44	0	254	64	147	67	25	86	95	215	95	329	601	98	241	231	190	279	314	104	130	181
Mustela_sibirica	40	0	255	64	146	68	25	86	95	216	95	327	595	98	241	234	191	280	310	104	130	186
Myodes_glareolus	32	0	243	64	162	75	31	75	96	216	98	366	573	94	221	239	200	291	301	102	121	173
Myodes_regulus	42	0	255	64	166	72	29	77	96	216	100	357	585	96	218	237	196	283	297	102	120	175
Myodes_rufocanus	40	0	253	64	167	70	29	76	97	214	99	357	587	96	219	237	196	287	295	102	121	175
Myospalax_aspalax	16	0	229	65	172	63	25	77	99	219	101	393	599	93	204	246	187	302	283	101	120	163
Myospalax_psilurus	17	0	234	65	172	65	25	78	96	221	99	387	597	92	211	246	188	300	278	101	120	167
Myotis_bombinus	25	0	233	63	158	63	21	84	95	211	96	333	608	90	256	228	194	276	315	102	138	177
Myotis_brandtii	48	0	250	64	145	66	23	86	94	215	95	322	596	94	246	230	196	281	312	102	138	183
Myotis_davidii	33	0	241	64	150	63	21	86	96	216	97	327	598	93	248	222	192	278	312	102	139	196
Myotis_formosus	32	0	236	64	153	62	24	87	97	213	92	339	602	92	241	230	194	278	320	102	136	179
Myotis_ikonnikovi	37	0	238	64	150	64	21	87	96	215	92	335	604	92	246	226	195	278	314	102	141	181
Myotis_lucifugus	45	0	243	64	146	65	21	87	94	216	97	330	598	93	255	228	192	285	304	102	137	180
Myotis_macrodactylus	48	0	244	64	148	64	21	84	97	214	96	331	606	93	262	224	193	283	305	102	137	173
Myotis_muricola	44	0	241	64	148	67	21	85	97	219	97	336	590	93	259	231	194	272	308	102	137	180
Myotis_myotis	31	0	235	65	151	63	21	84	97	215	95	332	600	90	254	231	192	276	316	102	139	183
Myrmecobius_fasciatus	38	0	255	66	140	69	36	85	91	218	108	330	607	90	224	228	192	272	316	105	127	183
Myrmecophaga_tridactyla	40	0	247	65	143	68	25	91	90	218	107	313	610	87	248	229	192	267	311	104	125	200
Mystacina_tuberculata	52	0	259	65	145	68	24	89	96	215	88	331	595	94	241	226	189	283	294	104	137	199
Naemorhedus_goral	31	0	239	65	161	67	22	87	93	217	90	330	591	94	251	232	190	272	323	103	132	182
Naemorhedus_griseus	39	0	234	65	160	68	22	87	93	215	93	330	589	94	251	234	190	271	336	103	130	177
Nandinia_binotata	29	0	258	65	154	65	22	92	98	215	95	338	592	93	238	231	191	272	310	104	138	170
Nanger_dama	45	0	247	63	157	68	22	88	93	216	90	322	588	94	244	242	189	276	314	103	134	193
Nanger_soemmerringii	43	0	248	63	159	67	22	88	93	215	91	325	589	94	244	242	189	276	309	103	133	193
Nasalis_larvatus	35	0	241	64	171	63	23	90	84	206	96	344	615	88	237	217	202	272	338	100	137	156
Nasua_nasua	59	0	254	62	155	70	27	89	94	211	94	320	572	104	255	228	193	276	334	103	133	172
Nectogale_elegans	19	0	241	64	162	68	23	88	96	211	89	333	596	91	237	235	189	278	308	104	136	194
Neodon_irene	50	0	263	64	160	76	32	74	94	216	100	343	576	99	228	225	203	283	304	101	122	178
Neofelis_nebulosa	57	0	258	67	145	68	22	88	95	217	97	312	587	100	240	226	197	275	311	103	137	196
Neomys_fodiens	31	0	248	64	160	64	21	88	99	212	89	339	603	91	220	232	189	280	300	103	146	196
Neophoca_cinerea	48	0	256	64	153	68	23	84	95	219	102	321	598	94	252	225	198	273	318	102	124	175
Neophocaena_asiaeorientalis	39	0	237	61	153	68	21	95	92	214	101	309	633	92	232	229	200	271	343	104	120	173
Neophocaena_phocaenoides	86	0	482	126	308	132	42	192	182	430	198	618	1266	184	460	456	400	540	680	206	242	352
Neotetracus_sinensis	35	0	223	64	162	68	29	88	95	216	89	370	599	92	207	257	188	308	276	102	131	181
Neotragus_batesi	29	0	237	63	168	65	21	89	93	216	90	353	583	96	256	238	188	268	316	103	133	167
Neovison_vison	37	0	249	64	149	68	22	86	95	214	98	333	583	97	240	234	190	282	323	104	129	186
Niviventer_confucianus	21	0	235	65	160	74	26	77	93	209	99	369	580	97	218	234	194	300	307	103	128	165
Niviventer_excelsior	23	0	240	64	159	73	27	79	93	208	100	368	586	98	222	235	195	300	303	103	126	160
Niviventer_fulvescens	27	0	240	65	160	73	27	79	92	209	100	377	574	99	222	235	195	295	294	103	129	165
Nomascus_leucogenys	42	0	266	66	158	64	21	89	90	210	103	312	640	92	194	206	214	275	347	103	127	169
Nomascus_siki	41	0	264	66	160	64	21	88	90	210	103	309	641	90	192	206	214	273	349	103	127	173
Notoryctes_typhlops	34	0	251	69	153	73	31	87	85	211	106	354	609	85	211	237	186	294	302	103	127	169
Nyctalus_noctula	54	0	240	64	139	68	25	83	96	215	102	324	604	94	244	228	195	286	307	103	133	188
Nyctereutes_procyonoides	48	0	252	66	149	68	23	89	93	217	95	330	581	96	244	233	191	281	304	103	138	189
Nycticebus_bengalensis	58	0	242	66	150	69	25	87	88	218	105	331	603	93	219	227	199	295	322	102	116	186
Nycticebus_coucang	58	0	243	66	151	69	26	87	88	218	106	331	604	94	219	226	199	294	323	102	116	183
Ochotona_collaris	42	0	265	67	152	67	23	82	91	228	101	323	621	89	216	239	199	268	301	104	127	178
Ochotona_curzoniae	45	0	267	67	154	66	24	81	95	226	96	313	633	88	214	237	200	267	300	104	126	184
Ochotona_princeps	39	0	269	67	154	69	22	82	93	226	101	323	619	87	219	240	199	269	290	104	126	182
Odocoileus_hemionus	38	0	241	63	165	66	24	91	95	217	92	335	574	91	255	246	189	276	303	103	128	188
Okapia_johnstoni	44	0	243	63	156	67	21	89	93	218	97	327	587	95	245	236	192	273	329	103	127	178
Onychomys_leucogaster	31	0	237	65	175	66	31	79	95	209	89	359	564	100	251	228	199	303	301	102	123	169
Orcaella_heinsohni	31	0	238	62	154	69	21	95	89	210	98	318	633	96	233	241	198	265	342	103	125	156
Oreamnos_americanus	31	0	236	64	157	70	21	87	91	214	92	315	588	97	263	243	190	273	319	104	132	187
Oreotragus_oreotragus	42	0	237	63	166	65	23	88	94	216	91	332	589	95	258	240	189	270	322	103	129	173
Ornithorhynchus_anatinus	34	0	236	64	143	72	25	88	94	225	106	336	651	85	184	231	191	273	318	105	129	182
Orycteropus_afer	28	0	248	66	148	66	27	83	91	219	102	371	614	89	213	239	199	294	279	105	135	155
Oryctolagus_cuniculus	45	0	254	66	155	70	22	88	94	218	93	343	597	87	220	240	197	280	300	103	123	193
Oryx_beisa	30	0	243	63	164	68	22	88	94	216	94	333	582	92	252	238	189	270	320	103	129	183
Oryx_dammah	35	0	244	66	160	67	24	91	94	219	94	327	576	92	248	235	197	281	319	101	125	183
Oryx_gazella	35	0	243	65	160	67	24	89	95	217	95	324	577	95	247	236	196	281	318	102	126	186
Oryx_leucoryx	35	0	245	64	164	67	22	87	95	214	95	332	581	92	254	239	189	273	311	103	128	188
Otocolobus_manul	39	0	250	66	155	66	23	88	96	215	91	327	580	100	248	231	191	274	312	103	140	184
Otolemur_crassicaudatus	40	0	259	65	150	74	22	84	91	221	107	330	620	91	188	223	203	290	330	103	119	172
Ourebia_ourebi	45	0	243	64	156	67	22	86	94	216	92	319	584	95	260	244	190	274	316	103	131	186
Ovis_ammon	43	0	242	64	161	67	22	86	92	215	92	344	582	94	249	240	190	263	314	103	125	172
Ovis_canadensis	45	0	234	64	165	66	22	88	92	215	95	341	584	93	251	242	191	265	323	103	129	180
Ovis_orientalis	46	0	239	64	159	68	22	86	92	215	92	340	582	94	250	241	190	263	317	103	125	175
Ozotoceros_bezoarticus	25	0	232	63	171	63	22	90	95	216	87	340	572	91	263	250	188	273	308	103	131	184
Paguma_larvata	24	0	252	64	155	62	22	90	101	211	93	341	594	95	235	226	192	295	293	103	138	178
Pan_paniscus	30	0	238	63	163	65	20	90	88	209	92	311	638	90	201	215	215	272	360	103	139	174
Pan_troglodytes	34	0	244	64	159	66	19	91	86	214	92	316	640	90	199	213	215	272	358	103	140	165
Panthera_leo	46	0	259	67	145	66	23	88	96	216	96	318	581	101	237	228	195	280	309	103	137	196
Panthera_onca	47	0	267	67	143	67	24	88	95	218	95	327	585	99	232	225	197	282	307	103	135	186
Panthera_pardus	50	0	260	66	143	67	24	87	96	218	97	321	580	99	235	229	194	282	303	103	135	201
Panthera_tigris	63	0	264	65	145	66	26	89	93	216	94	324	590	103	235	224	194	276	307	103	137	190
Panthera_uncia	54	0	261	68	147	66	24	88	97	214	97	321	584	100	237	224	192	280	313	101	133	185
Pantholops_hodgsonii	31	0	236	63	160	67	22	88	92	217	93	337	588	94	247	245	191	272	317	103	128	183
Papio_anubis	34	0	243	62	168	68	22	95	82	206	105	316	615	91	222	213	216	264	390	101	128	147
Papio_cynocephalus	36	0	241	62	170	66	22	95	81	207	105	319	616	91	220	211	216	264	395	101	128	145
Papio_hamadryas	35	0	244	61	168	67	22	95	80	204	104	315	614	90	221	214	216	262	391	101	128	148
Papio_papio	38	0	238	63	170	65	22	95	80	208	105	313	619	91	218	210	212	268	407	101	127	143
Papio_ursinus	39	0	246	66	171	64	25	95	81	206	99	316	620	92	216	206	215	268	391	101	129	146
Pardofelis_marmorata	54	0	245	67	150	66	24	86	95	219	96	317	581	102	240	226	195	269	323	103	139	198
Pecari_tajacu	31	0	247	65	155	68	23	88	95	213	99	322	589	96	244	221	192	282	324	104	132	186
Peponocephala_electra	27	0	244	64	156	68	21	95	90	212	98	317	630	95	227	244	198	255	349	103	123	158
Perameles_gunnii	22	0	246	70	162	69	32	84	87	213	96	361	589	87	231	225	191	281	296	105	137	178
Perodicticus_potto	38	0	235	66	155	67	25	89	95	220	107	308	624	91	214	225	203	294	342	103	112	172
Petaurista_alborufus	36	0	236	65	158	70	25	79	97	216	92	333	600	93	227	243	195	300	296	104	127	182
Petaurus_breviceps	37	0	237	67	150	67	31	88	91	217	105	359	597	90	237	223	193	287	300	103	139	158
Phacochoerus_africanus	33	0	251	64	158	65	25	87	96	216	102	321	573	96	269	225	186	282	304	103	135	185
Phalanger_vestitus	26	0	235	64	166	65	28	92	89	212	106	352	598	89	226	219	194	288	323	103	135	159
Phascogale_tapoatafa	42	0	262	66	148	67	33	86	95	219	109	341	627	84	217	235	195	266	296	106	120	172
Phascolarctos_cinereus	19	0	219	61	170	61	35	95	83	201	100	340	611	101	242	210	192	275	359	102	136	148
Philantomba_maxwellii	43	0	245	63	164	68	21	88	93	215	88	326	592	93	249	243	189	277	307	103	133	186
Philantomba_monticola	39	0	243	63	164	67	21	88	94	215	89	329	597	93	255	241	186	278	308	103	132	177
Phoca_largha	52	0	253	64	143	71	23	85	96	215	101	333	591	97	238	227	193	280	314	103	131	183
Phoca_vitulina	52	0	250	65	144	72	23	84	96	215	99	331	589	98	241	229	195	280	312	103	132	187
Phocarctos_hookeri	61	0	252	64	143	74	23	84	95	217	100	321	595	96	253	224	197	278	322	101	125	180
Phocoena_phocoena	43	0	252	64	156	67	21	96	90	214	96	312	631	92	233	237	201	261	330	103	121	171
Pipistrellus_abramus	41	0	239	63	149	67	22	87	93	216	96	339	582	94	256	230	195	282	311	103	138	179
Pipistrellus_coromandra	27	0	245	63	147	62	22	85	99	217	97	337	595	95	248	228	193	286	303	103	137	179
Plecotus_auritus	53	0	242	66	151	67	23	87	92	216	94	327	598	89	255	216	189	288	326	103	137	175
Plecotus_macrobullaris	48	0	236	66	158	60	24	87	95	215	92	320	605	90	260	215	194	279	317	103	136	189
Pongo_abelii	31	0	257	64	149	66	20	86	87	210	105	330	654	91	182	199	223	274	358	102	130	157
Pongo_pygmaeus	37	0	255	62	155	66	23	87	87	208	104	320	654	90	184	203	222	272	364	102	127	159
Pontoporia_blainvillei	39	0	255	65	149	69	21	102	94	210	85	293	621	96	249	222	198	262	351	104	126	174
Potamochoerus_porcus	50	0	254	65	150	71	26	86	98	214	100	322	578	95	254	221	188	281	307	103	137	193
Potorous_tridactylus	23	0	234	68	150	69	30	88	90	214	103	377	593	89	218	229	199	291	291	103	136	168
Presbytis_melalophos	32	0	233	64	182	62	21	92	85	207	99	342	617	88	249	219	202	261	328	100	138	156
Priodontes_maximus	59	0	264	69	141	63	26	82	91	218	109	326	596	93	233	233	201	269	316	103	119	190
Prionailurus_bengalensis	46	0	252	68	155	66	22	87	97	216	91	334	581	100	243	224	189	273	314	103	142	179
Prionailurus_planiceps	56	0	256	66	154	67	23	88	96	217	94	327	584	100	244	226	189	274	308	103	139	186
Prionailurus_rubiginosus	50	0	254	66	156	66	23	87	96	218	94	329	582	100	247	225	189	270	305	103	139	187
Prionailurus_viverrinus	42	0	258	66	151	66	23	88	97	217	91	328	582	100	243	226	186	277	310	103	142	187
Prionodon_pardicolor	41	0	257	63	145	66	22	88	95	218	93	339	587	102	237	232	192	281	298	104	134	188
Procapra_gutturosa	28	0	248	63	165	68	22	87	93	216	92	327	589	92	252	240	188	273	306	103	133	186
Procapra_przewalskii	28	0	249	63	164	68	22	88	93	216	92	327	588	92	253	238	188	274	306	104	133	185
Procavia_capensis	43	0	231	70	159	64	25	83	98	217	99	320	599	94	243	212	200	269	348	103	137	181
Procyon_lotor	41	0	246	63	151	70	26	89	96	213	99	342	586	96	238	230	187	280	311	104	132	180
Proechimys_longicaudatus	19	0	235	63	165	61	29	88	96	208	102	347	577	96	229	238	183	285	335	106	141	168
Proedromys_liangshanensis	44	0	253	64	167	71	30	74	92	217	100	345	563	97	223	240	207	281	316	102	120	182
Prolemur_simus	25	0	244	64	161	65	26	88	96	220	92	342	605	91	239	233	189	277	311	105	129	167
Propithecus_coquereli	39	0	250	64	163	65	25	89	97	215	92	325	605	96	242	241	195	273	305	105	119	180
Propithecus_diadema	38	0	241	65	162	66	26	88	97	213	91	326	607	96	237	232	192	279	321	105	120	181
Propithecus_edwardsi	40	0	243	64	162	65	26	89	97	214	91	320	605	96	234	236	194	276	328	105	120	180
Propithecus_tattersalli	44	0	249	64	163	65	24	89	97	215	91	327	605	96	242	242	194	273	306	105	120	178
Propithecus_verreauxi	38	0	249	64	161	66	24	89	97	216	91	325	605	96	239	237	191	279	306	105	119	186
Przewalskium_albirostris	40	0	240	63	163	69	22	91	95	217	91	328	578	92	256	249	188	276	302	103	128	192
Pseudocheirus_peregrinus	36	0	245	67	147	69	32	88	91	214	102	362	591	92	213	220	187	286	302	102	126	172
Pseudois_nayaur	36	0	242	64	162	66	22	87	94	215	95	329	582	94	252	238	193	276	320	103	128	181
Pseudois_schaeferi	34	0	242	64	161	66	22	86	94	214	94	327	582	94	247	238	191	278	325	103	129	186
Pseudomys_chapmani	24	0	215	64	170	71	27	85	90	211	101	357	588	98	235	221	191	290	332	103	126	162
Pseudorca_crassidens	24	0	239	64	157	68	21	94	90	211	96	317	636	95	237	236	199	254	344	103	127	160
Pseudoryx_nghetinhensis	30	0	239	64	163	65	23	88	94	213	95	332	587	91	261	236	194	274	313	103	128	179
Pteromys_volans	37	0	243	65	159	68	26	79	98	212	93	351	607	88	225	245	186	300	295	103	128	167
Pteronotus_parnellii	41	0	254	67	143	66	23	82	93	214	104	320	579	88	247	217	199	273	327	103	130	212
Pteropus_alecto	56	0	249	63	151	67	21	88	94	216	93	305	605	95	236	224	192	289	309	103	138	205
Pteropus_dasymallus	60	0	252	64	155	67	21	89	96	216	94	305	604	93	244	221	191	289	305	103	138	201
Pteropus_scapulatus	61	0	254	64	150	65	21	90	94	216	95	308	599	95	241	223	194	289	305	103	136	205
Pteropus_vampyrus	62	0	248	64	152	65	21	89	96	216	95	309	610	93	239	220	192	288	311	103	137	200
Pudu_puda	29	0	239	63	163	63	22	89	95	217	87	335	579	92	259	248	189	275	305	103	135	185
Puma_concolor	46	0	251	65	154	64	24	89	96	217	96	329	583	100	247	227	191	271	315	103	138	181
Puma_yagouaroundi	43	0	243	66	154	64	23	87	97	219	90	330	585	100	254	227	194	264	314	103	143	185
Pusa_caspica	57	0	257	64	142	70	23	84	96	215	103	335	593	97	234	227	193	280	311	103	129	185
Pusa_hispida	52	0	253	64	145	70	23	84	96	215	103	333	593	97	236	228	193	277	311	103	130	187
Pusa_sibirica	55	0	258	64	144	71	23	84	96	215	102	332	591	97	234	227	193	279	306	103	130	192
Pygathrix_nemaeus	30	0	228	63	169	63	22	91	84	206	100	335	607	87	248	220	207	276	343	100	137	160
Pygathrix_nigripes	32	0	228	62	177	61	21	90	84	205	98	335	608	87	257	223	209	271	333	100	139	156
Rangifer_tarandus	36	0	240	62	164	65	25	91	96	217	93	334	576	91	257	251	190	274	301	102	126	188
Raphicerus_campestris	37	0	240	63	157	69	22	87	92	214	91	336	587	93	252	240	189	283	309	103	134	181
Rattus_exulans	33	0	235	64	158	74	27	83	90	210	99	361	583	98	238	233	192	299	301	103	127	161
Rattus_fuscipes	38	0	235	65	164	70	28	81	90	212	99	363	583	95	229	232	190	306	306	103	128	157
Rattus_leucopus	32	0	234	65	164	69	28	80	91	211	100	368	585	95	220	231	191	301	314	103	129	159
Rattus_lutreolus	39	0	239	65	161	70	28	81	92	212	98	364	584	94	218	233	193	299	317	103	127	158
Rattus_niobe	38	0	231	65	171	69	28	80	91	208	100	364	581	95	227	231	193	299	313	103	128	158
Rattus_praetor	34	0	240	65	169	70	28	81	91	210	98	367	586	96	222	231	191	296	309	103	129	154
Rattus_rattus	40	0	239	64	164	71	28	82	91	208	97	361	583	96	228	233	192	301	307	103	128	159
Rattus_sordidus	37	0	237	65	161	70	28	81	90	211	97	368	582	96	222	231	193	300	314	103	130	157
Rattus_tanezumi	32	0	242	65	165	70	28	82	90	210	97	361	581	95	228	233	195	296	302	102	129	165
Rattus_tiomanicus	27	0	238	64	167	71	29	82	91	209	94	359	586	96	222	232	192	294	306	103	130	170
Rattus_tunneyi	33	0	238	65	163	71	28	81	91	211	97	363	589	94	222	233	189	302	309	103	129	158
Rattus_villosissimus	34	0	236	66	159	69	28	81	90	211	99	360	580	96	222	234	191	305	315	103	128	164
Ratufa_bicolor	37	0	247	65	150	70	23	81	97	213	97	342	600	92	228	247	197	293	289	104	126	176
Redunca_arundinum	36	0	243	64	158	66	21	87	94	214	93	332	595	94	253	235	190	276	308	104	134	182
Rhinoceros_sondaicus	32	0	231	64	155	62	23	86	92	213	104	339	598	97	231	235	189	300	324	102	124	171
Rhinoceros_unicornis	36	0	227	62	157	63	22	87	94	215	106	343	599	95	230	234	193	299	317	102	123	172
Rhinolophus_formosae	37	0	246	64	147	69	23	86	91	213	103	308	609	91	224	229	192	281	323	108	125	210
Rhinolophus_luctus	38	0	247	66	146	68	22	86	91	219	102	303	611	90	219	234	189	284	326	106	123	210
Rhinolophus_macrotis	63	0	240	65	143	70	23	86	94	216	103	309	618	89	216	233	189	291	320	106	121	209
Rhinolophus_rex	61	0	246	65	140	71	22	86	94	217	103	307	616	89	215	232	193	292	312	106	121	214
Rhinophylla_pumilio	32	0	248	65	149	69	23	92	87	214	95	310	611	87	231	220	194	272	345	105	134	191
Rhinopithecus_avunculus	34	0	230	66	173	64	21	89	85	206	98	346	611	86	249	216	214	266	324	100	136	164
Rhinopithecus_bieti	27	0	224	63	176	62	21	92	85	206	97	341	610	87	251	222	211	266	330	100	136	170
Rhinopithecus_brelichi	29	0	230	63	175	63	20	92	85	205	99	339	606	87	251	223	213	266	331	100	135	167
Rhinopithecus_roxellana	28	0	234	64	172	63	22	91	84	206	99	343	611	87	254	220	214	268	327	101	133	157
Rhinopithecus_strykeri	27	0	228	63	175	63	21	92	85	206	98	337	617	87	254	220	212	263	330	100	135	164
Rhizomys_pruinosus	15	0	240	64	174	65	23	82	92	209	94	384	617	89	190	260	202	280	291	100	136	155
Rhizomys_sinensis	18	0	244	64	168	65	25	83	92	209	99	382	610	91	185	265	206	288	286	100	129	153
Rhyncholestes_raphanurus	33	0	240	64	147	71	31	89	92	215	102	357	597	87	229	240	185	296	298	102	132	166
Rousettus_aegyptiacus	54	0	242	64	152	68	21	88	94	216	99	322	630	96	223	218	194	289	306	103	132	192
Rucervus_duvaucelii	39	0	242	63	164	68	21	91	94	217	92	339	581	91	251	247	187	278	300	104	128	185
Rucervus_eldii	48	0	242	63	166	66	21	89	95	217	91	329	583	94	252	248	187	277	307	103	127	186
Rupicapra_pyrenaica	46	0	245	64	158	71	23	87	92	215	96	325	586	96	255	236	189	276	316	103	124	187
Rusa_alfredi	35	0	240	63	162	68	22	90	95	217	93	334	578	92	253	246	187	278	310	103	127	185
Rusa_timorensis	42	0	243	63	163	67	21	91	95	218	92	331	580	92	256	248	188	276	302	103	128	186
Saguinus_oedipus	47	0	251	61	147	70	21	91	89	207	97	323	589	89	242	228	201	292	341	103	142	169
Saiga_tatarica	36	0	241	63	162	69	22	89	92	215	90	331	590	94	256	243	189	272	304	103	132	187
Saimiri_boliviensis	46	0	238	61	150	64	21	89	90	205	101	321	608	91	251	218	204	286	353	103	141	144
Saimiri_sciureus	46	0	239	61	150	64	21	89	90	205	101	322	609	91	252	218	204	286	351	103	143	145
Sarcophilus_harrisii	29	0	246	65	150	65	33	87	95	220	100	355	608	83	219	237	195	262	313	106	131	170
Scapanulus_oweni	41	0	257	64	157	66	22	85	99	215	97	321	589	93	247	231	184	293	285	102	134	198
Sciurus_vulgaris	24	0	240	65	157	65	25	82	99	212	94	334	606	93	223	243	189	299	291	103	131	186
Semnopithecus_entellus	33	0	249	63	167	65	23	93	84	209	93	343	601	89	243	230	204	272	322	100	139	152
Sicista_concolor	36	0	243	67	146	69	29	72	94	220	102	352	624	87	207	239	208	310	276	99	125	168
Simias_concolor	37	0	238	64	172	65	22	89	85	206	98	341	620	87	239	216	204	269	329	100	136	162
Sminthopsis_crassicaudata	56	0	262	66	141	69	32	85	89	222	106	346	613	85	215	231	193	282	294	107	124	175
Sminthopsis_douglasi	46	0	267	65	142	73	32	86	90	221	106	346	626	82	211	232	192	285	291	106	123	166
Sorex_araneus	36	0	243	64	162	69	24	87	97	217	90	346	594	93	213	232	184	285	301	102	143	198
Sorex_cylindricauda	35	0	240	65	162	70	23	85	93	219	92	341	603	93	220	225	186	290	300	103	142	193
Sorex_tundrensis	42	0	242	64	162	69	23	87	97	217	91	339	593	93	218	234	185	285	302	102	142	199
Sorex_unguiculatus	46	0	247	64	157	70	23	88	97	216	92	340	599	94	216	232	184	287	304	103	139	193
Sousa_chinensis	33	0	244	63	154	70	21	95	89	212	97	320	630	97	231	242	199	256	335	103	125	164
Spalacopus_cyanus	27	0	221	63	173	66	29	89	93	209	97	352	588	92	238	225	192	294	327	106	140	158
Spermophilus_dauricus	22	0	240	65	154	64	25	81	101	212	94	333	605	93	220	244	188	300	291	103	132	189
Spilogale_putorius	32	0	240	64	160	72	25	87	90	212	95	339	591	98	247	225	190	290	305	102	130	178
Stenella_attenuata	27	0	248	63	156	69	21	94	90	211	95	312	633	96	227	241	199	258	330	103	127	174
Stenella_coeruleoalba	32	0	249	63	156	70	21	94	89	212	95	316	627	96	236	244	200	255	329	103	127	165
Sturnira_tildae	37	0	247	66	146	65	22	86	93	215	96	305	626	93	222	220	199	272	338	104	132	194
Stylodipus_telum	40	0	253	67	148	75	24	73	91	217	96	332	616	91	209	236	194	313	290	106	134	181
Suncus_murinus	26	0	245	64	166	64	22	84	95	214	93	341	602	92	222	234	185	287	300	103	137	190
Sus_barbatus	35	0	257	64	152	66	25	87	98	215	101	334	572	96	256	225	187	284	307	103	138	178
Sus_cebifrons	33	0	253	65	153	64	24	88	99	214	100	330	571	96	259	224	190	281	314	103	137	176
Sus_celebensis	33	0	251	64	153	65	24	87	99	216	102	331	570	96	254	227	188	281	317	103	136	178
Sus_scrofa	35	0	254	64	155	65	24	86	99	217	100	333	571	97	255	225	186	280	310	103	137	181
Sus_verrucosus	36	0	253	64	154	65	25	87	98	215	101	332	570	96	260	226	188	282	308	103	138	176
Sylvicapra_grimmia	38	0	245	64	164	66	21	87	93	214	90	330	595	92	245	239	188	279	309	103	131	186
Symphalangus_syndactylus	24	0	253	65	163	63	19	90	89	210	102	324	645	91	193	211	212	260	357	102	131	164
Syncerus_caffer	42	0	241	64	161	68	23	88	94	215	92	321	590	91	261	232	190	280	308	103	130	190
Tachyglossus_aculeatus	52	0	235	67	150	68	25	86	95	224	102	312	634	82	208	234	197	276	308	105	129	201
Talpa_europaea	45	0	257	64	153	66	22	87	97	217	98	313	605	95	234	230	185	288	301	102	130	195
Tamandua_mexicana	38	0	255	65	148	71	26	93	91	216	103	312	606	89	258	226	193	267	306	103	126	185
Tamandua_tetradactyla	35	0	253	66	144	71	25	96	91	216	101	314	606	89	256	222	193	269	307	102	128	190
Tamias_sibiricus	23	0	229	64	155	73	26	85	93	216	94	366	591	92	239	255	193	289	287	104	122	163
Tamiops_maritimus	20	0	243	64	164	71	24	82	94	214	94	351	614	92	227	246	194	289	281	103	126	165
Tamiops_swinhoei	25	0	240	66	163	72	24	81	94	214	95	350	611	92	230	244	192	291	288	103	126	162
Tapirus_indicus	21	0	227	62	152	68	22	87	92	219	104	356	597	95	232	233	187	292	313	103	128	173
Tarsipes_rostratus	37	0	247	67	150	65	33	87	87	214	97	370	590	83	224	225	197	291	284	101	132	166
Tarsius_bancanus	21	0	239	65	166	61	24	80	97	216	97	337	615	95	248	239	185	272	318	105	127	154
Tarsius_dentatus	28	0	248	64	147	66	25	86	95	220	98	345	604	101	240	230	191	273	307	103	134	163
Tarsius_lariang	34	0	244	64	150	63	25	86	96	220	97	344	603	99	237	232	191	271	311	103	136	168
Tarsius_wallacei	25	0	245	64	154	62	25	86	96	218	97	346	606	99	239	227	190	272	308	103	137	165
Taxidea_taxus	22	0	247	64	153	67	23	85	96	215	95	322	594	97	249	229	195	280	318	104	131	182
Theropithecus_gelada	32	0	234	60	171	65	24	97	83	205	98	323	614	89	223	210	213	266	383	100	134	152
Thryonomys_swinderianus	30	0	220	61	173	65	24	82	93	200	97	371	591	88	275	228	201	294	296	102	141	147
Thylamys_elegans	35	0	239	68	155	67	31	83	89	214	98	380	604	84	221	234	189	304	283	103	136	158
Tlacuatzin_canescens	15	0	218	66	168	65	29	88	91	207	94	402	582	89	243	230	186	297	296	101	138	153
Tolypeutes_matacus	36	0	249	67	142	66	25	86	90	217	107	315	593	92	259	230	202	267	332	105	120	179
Tolypeutes_tricinctus	39	0	244	68	143	66	27	85	91	217	109	319	599	92	254	223	204	266	341	103	116	176
Tonatia_saurophila	20	0	234	65	155	65	24	82	90	219	96	328	609	89	232	212	204	271	350	103	135	183
Trachypithecus_cristatus	42	0	237	62	171	66	23	90	84	205	104	341	621	87	231	224	204	267	340	101	132	154
Trachypithecus_francoisi	39	0	238	63	176	63	22	88	85	205	104	335	622	87	228	220	202	266	340	101	134	166
Trachypithecus_germaini	36	0	240	62	174	63	22	90	85	207	102	336	627	86	233	224	204	265	328	101	134	160
Trachypithecus_hatinhensis	39	0	232	62	174	63	22	91	84	206	101	335	625	88	229	226	201	265	341	100	136	162
Trachypithecus_johnii	32	0	242	63	171	65	22	93	84	205	93	340	611	89	251	225	206	268	325	100	140	148
Trachypithecus_obscurus	34	0	242	63	175	62	21	90	85	206	103	332	621	86	229	224	202	268	344	101	133	158
Trachypithecus_pileatus	36	0	236	64	171	64	22	90	84	204	100	335	626	87	226	224	205	265	345	100	135	160
Trachypithecus_shortridgei	36	0	237	64	169	63	23	90	84	205	101	339	625	87	231	224	205	267	339	100	133	157
Trachypithecus_vetulus	35	0	255	63	172	65	23	93	84	206	94	334	616	90	236	223	201	271	323	100	138	154
Tragelaphus_imberbis	56	0	249	64	164	68	22	86	92	216	94	317	588	95	256	233	190	274	303	102	129	199
Tragelaphus_scriptus	39	0	240	64	155	68	22	87	95	217	96	330	576	92	265	242	191	274	313	103	127	186
Tragelaphus_spekii	39	0	245	64	156	67	22	86	95	216	94	327	577	94	257	242	193	271	313	103	129	191
Tragulus_kanchil	53	0	245	63	159	66	23	88	95	215	98	318	587	95	253	235	193	284	306	103	125	189
Trichechus_manatus	61	0	249	70	136	71	27	83	94	228	97	320	616	83	220	226	195	291	290	103	133	182
Trichosurus_vulpecula	23	0	244	66	160	68	29	92	90	212	105	357	593	89	217	234	188	293	311	103	132	163
Trinomys_dimidiatus	33	0	240	64	167	60	28	87	96	210	109	349	579	91	230	232	194	285	327	107	138	160
Tscherskia_triton	47	0	254	64	148	77	36	77	92	215	94	342	602	100	205	239	196	290	305	101	118	179
Tupaia_belangeri	54	0	259	67	137	75	28	83	90	222	95	322	584	100	239	228	197	278	301	105	127	209
Tursiops_aduncus	36	0	250	62	154	70	21	95	89	211	95	312	627	96	232	244	201	257	330	103	127	171
Tursiops_truncatus	32	0	251	64	155	70	21	94	89	212	95	315	629	96	232	244	199	257	327	103	126	168
Urocyon_cinereoargenteus	64	0	263	66	145	71	26	90	94	215	94	334	589	101	234	223	190	281	302	103	134	187
Uropsilus_soricipes	32	0	252	65	162	69	23	87	95	218	94	324	588	94	252	230	185	286	287	104	136	188
Urotrichus_talpoides	42	0	249	64	159	64	23	81	100	217	100	331	596	97	238	229	187	289	291	102	131	192
Ursus_americanus	73	0	274	65	143	68	22	87	96	218	96	312	587	98	235	235	197	278	294	103	133	199
Ursus_arctos	65	0	269	64	137	70	24	86	98	216	96	315	596	97	223	235	194	280	301	103	132	203
Ursus_maritimus	67	0	265	64	140	70	24	86	98	217	97	314	595	97	222	235	195	277	297	103	131	212
Ursus_thibetanus	56	0	281	66	142	72	24	86	95	217	97	310	588	99	228	233	196	275	288	103	130	211
Vampyrum_spectrum	56	0	254	67	139	67	21	82	91	218	102	298	635	86	208	206	212	280	339	103	129	203
Vespertilio_sinensis	37	0	251	62	148	63	24	87	97	219	95	337	586	93	246	227	193	285	296	103	138	190
Vicugna_vicugna	57	0	252	65	144	71	23	89	95	216	93	317	585	95	247	231	192	276	307	103	137	203
Viverricula_indica	26	0	246	65	154	66	22	89	99	214	89	347	596	96	227	236	196	276	309	103	137	173
Vombatus_ursinus	33	0	256	67	156	67	29	86	89	212	108	354	601	89	206	221	198	282	309	103	133	175
Vulpes_corsac	60	0	255	68	144	74	23	87	94	215	100	337	583	99	244	223	191	282	298	103	133	189
Vulpes_ferrilata	61	0	260	68	144	75	23	86	94	215	101	334	582	99	246	225	190	282	298	103	132	185
Vulpes_vulpes	56	0	264	65	141	75	23	87	93	215	103	332	582	99	244	226	191	286	293	103	132	187
Vulpes_zerda	56	0	264	65	140	75	23	87	93	215	102	331	582	99	244	225	190	286	296	103	133	188
Wiedomys_cerradensis	31	0	240	63	174	72	33	79	89	209	95	366	587	94	241	231	185	300	279	100	132	168
Zalophus_californianus	48	0	249	64	148	70	23	83	96	218	101	321	599	95	246	223	197	281	326	102	123	178
Ziphius_cavirostris	28	0	248	65	158	65	24	93	92	215	99	303	629	95	222	236	194	263	333	104	124	182
